190 254
1 64 
1 64 

1 1 0 190 EQW
1 1 1 83 INV
1 1 0 82 INV
2 1 83 82 105 AND
1 1 2 104 INV
2 1 105 104 127 AND
1 1 3 126 INV
2 1 127 126 149 AND
1 1 4 148 INV
2 1 149 148 171 AND
1 1 5 170 INV
2 1 171 170 183 AND
1 1 6 182 INV
2 1 183 182 185 AND
1 1 7 184 INV
2 1 185 184 187 AND
1 1 8 186 INV
2 1 187 186 189 AND
1 1 9 188 INV
2 1 189 188 65 AND
1 1 10 64 INV
2 1 65 64 200 XOR
2 1 65 64 67 AND
1 1 11 66 INV
2 1 67 66 201 XOR
2 1 67 66 69 AND
1 1 12 68 INV
2 1 69 68 202 XOR
2 1 69 68 71 AND
1 1 13 70 INV
2 1 71 70 203 XOR
2 1 71 70 73 AND
1 1 14 72 INV
2 1 73 72 204 XOR
2 1 73 72 75 AND
1 1 15 74 INV
2 1 75 74 205 XOR
2 1 75 74 77 AND
1 1 16 76 INV
2 1 77 76 206 XOR
2 1 77 76 79 AND
1 1 17 78 INV
2 1 79 78 207 XOR
2 1 79 78 81 AND
1 1 18 80 INV
2 1 81 80 208 XOR
2 1 81 80 85 AND
1 1 19 84 INV
2 1 85 84 209 XOR
2 1 83 82 191 XOR
2 1 85 84 87 AND
1 1 20 86 INV
2 1 87 86 210 XOR
2 1 87 86 89 AND
1 1 21 88 INV
2 1 89 88 211 XOR
2 1 89 88 91 AND
1 1 22 90 INV
2 1 91 90 212 XOR
2 1 91 90 93 AND
1 1 23 92 INV
2 1 93 92 213 XOR
2 1 93 92 95 AND
1 1 24 94 INV
2 1 95 94 214 XOR
2 1 95 94 97 AND
1 1 25 96 INV
2 1 97 96 215 XOR
2 1 97 96 99 AND
1 1 26 98 INV
2 1 99 98 216 XOR
2 1 99 98 101 AND
1 1 27 100 INV
2 1 101 100 217 XOR
2 1 101 100 103 AND
1 1 28 102 INV
2 1 103 102 218 XOR
2 1 103 102 107 AND
1 1 29 106 INV
2 1 107 106 219 XOR
2 1 105 104 192 XOR
2 1 107 106 109 AND
1 1 30 108 INV
2 1 109 108 220 XOR
2 1 109 108 111 AND
1 1 31 110 INV
2 1 111 110 221 XOR
2 1 111 110 113 AND
1 1 32 112 INV
2 1 113 112 222 XOR
2 1 113 112 115 AND
1 1 33 114 INV
2 1 115 114 223 XOR
2 1 115 114 117 AND
1 1 34 116 INV
2 1 117 116 224 XOR
2 1 117 116 119 AND
1 1 35 118 INV
2 1 119 118 225 XOR
2 1 119 118 121 AND
1 1 36 120 INV
2 1 121 120 226 XOR
2 1 121 120 123 AND
1 1 37 122 INV
2 1 123 122 227 XOR
2 1 123 122 125 AND
1 1 38 124 INV
2 1 125 124 228 XOR
2 1 125 124 129 AND
1 1 39 128 INV
2 1 129 128 229 XOR
2 1 127 126 193 XOR
2 1 129 128 131 AND
1 1 40 130 INV
2 1 131 130 230 XOR
2 1 131 130 133 AND
1 1 41 132 INV
2 1 133 132 231 XOR
2 1 133 132 135 AND
1 1 42 134 INV
2 1 135 134 232 XOR
2 1 135 134 137 AND
1 1 43 136 INV
2 1 137 136 233 XOR
2 1 137 136 139 AND
1 1 44 138 INV
2 1 139 138 234 XOR
2 1 139 138 141 AND
1 1 45 140 INV
2 1 141 140 235 XOR
2 1 141 140 143 AND
1 1 46 142 INV
2 1 143 142 236 XOR
2 1 143 142 145 AND
1 1 47 144 INV
2 1 145 144 237 XOR
2 1 145 144 147 AND
1 1 48 146 INV
2 1 147 146 238 XOR
2 1 147 146 151 AND
1 1 49 150 INV
2 1 151 150 239 XOR
2 1 149 148 194 XOR
2 1 151 150 153 AND
1 1 50 152 INV
2 1 153 152 240 XOR
2 1 153 152 155 AND
1 1 51 154 INV
2 1 155 154 241 XOR
2 1 155 154 157 AND
1 1 52 156 INV
2 1 157 156 242 XOR
2 1 157 156 159 AND
1 1 53 158 INV
2 1 159 158 243 XOR
2 1 159 158 161 AND
1 1 54 160 INV
2 1 161 160 244 XOR
2 1 161 160 163 AND
1 1 55 162 INV
2 1 163 162 245 XOR
2 1 163 162 165 AND
1 1 56 164 INV
2 1 165 164 246 XOR
2 1 165 164 167 AND
1 1 57 166 INV
2 1 167 166 247 XOR
2 1 167 166 169 AND
1 1 58 168 INV
2 1 169 168 248 XOR
2 1 169 168 173 AND
1 1 59 172 INV
2 1 173 172 249 XOR
2 1 171 170 195 XOR
2 1 173 172 175 AND
1 1 60 174 INV
2 1 175 174 250 XOR
2 1 175 174 177 AND
1 1 61 176 INV
2 1 177 176 251 XOR
2 1 177 176 178 AND
1 1 62 179 INV
2 1 178 179 252 XOR
2 1 179 178 180 AND
2 1 63 180 181 XOR
1 1 181 253 INV
2 1 183 182 196 XOR
2 1 185 184 197 XOR
2 1 187 186 198 XOR
2 1 189 188 199 XOR


